GM浓度,LAP浓度,光照时间,微分模量
0.03,0.0002,30,0
0.03,0.0002,30,0
0.03,0.0002,30,0
0.03,0.0002,60,0
0.03,0.0002,60,0
0.03,0.0002,60,0
0.03,0.0002,90,0
0.03,0.0002,90,0
0.03,0.0002,90,0
0.03,0.0002,120,0
0.03,0.0002,120,0
0.03,0.0002,120,0
0.03,0.0005,30,0
0.03,0.0005,30,0
0.03,0.0005,30,0
0.03,0.0005,60,0
0.03,0.0005,60,0
0.03,0.0005,60,0
0.03,0.0005,90,0
0.03,0.0005,90,0
0.03,0.0005,90,0
0.03,0.0005,120,0
0.03,0.0005,120,0
0.03,0.0005,120,0
0.03,0.001,30,0
0.03,0.001,30,0
0.03,0.001,30,0
0.03,0.001,60,1
0.03,0.001,60,1
0.03,0.001,60,1
0.03,0.001,90,1
0.03,0.001,90,1
0.03,0.001,90,1
0.03,0.001,120,1
0.03,0.001,120,1
0.03,0.001,120,1
0.035,0.0002,30,0
0.035,0.0002,30,0
0.035,0.0002,30,0
0.035,0.0002,60,0
0.035,0.0002,60,0
0.035,0.0002,60,0
0.035,0.0002,90,0
0.035,0.0002,90,0
0.035,0.0002,90,0
0.035,0.0002,120,0
0.035,0.0002,120,0
0.035,0.0002,120,0
0.035,0.0005,30,0
0.035,0.0005,30,0
0.035,0.0005,30,1
0.035,0.0005,60,1
0.035,0.0005,60,1
0.035,0.0005,60,1
0.035,0.0005,90,2
0.035,0.0005,90,2
0.035,0.0005,90,1
0.035,0.0005,120,2
0.035,0.0005,120,2
0.035,0.0005,120,2
0.035,0.001,30,1
0.035,0.001,30,1
0.035,0.001,30,1
0.035,0.001,60,2
0.035,0.001,60,2
0.035,0.001,60,2
0.035,0.001,90,2
0.035,0.001,90,2
0.035,0.001,90,2
0.035,0.001,120,2
0.035,0.001,120,2
0.035,0.001,120,2
0.04,0.0002,30,2
0.04,0.0002,30,2
0.04,0.0002,30,2
0.04,0.0002,60,2
0.04,0.0002,60,2
0.04,0.0002,60,2
0.04,0.0002,90,2
0.04,0.0002,90,2
0.04,0.0002,90,2
0.04,0.0002,120,2
0.04,0.0002,120,2
0.04,0.0002,120,2
0.04,0.0005,30,0
0.04,0.0005,30,0
0.04,0.0005,30,0
0.04,0.0005,60,0
0.04,0.0005,60,0
0.04,0.0005,60,0
0.04,0.0005,90,0
0.04,0.0005,90,0
0.04,0.0005,90,0
0.04,0.0005,120,1
0.04,0.0005,120,1
0.04,0.0005,120,1
0.04,0.001,30,1
0.04,0.001,30,1
0.04,0.001,30,1
0.04,0.001,60,2
0.04,0.001,60,2
0.04,0.001,60,2
0.04,0.001,90,2
0.04,0.001,90,2
0.04,0.001,90,2
0.04,0.001,120,2
0.04,0.001,120,2
0.04,0.001,120,2
0.045,0.0002,30,1
0.045,0.0002,30,1
0.045,0.0002,30,0
0.045,0.0002,60,1
0.045,0.0002,60,1
0.045,0.0002,60,2
0.045,0.0002,90,2
0.045,0.0002,90,2
0.045,0.0002,90,2
0.045,0.0002,120,2
0.045,0.0002,120,2
0.045,0.0002,120,2
0.045,0.0005,30,2
0.045,0.0005,30,2
0.045,0.0005,30,2
0.045,0.0005,60,2
0.045,0.0005,60,2
0.045,0.0005,60,2
0.045,0.0005,90,2
0.045,0.0005,90,2
0.045,0.0005,90,2
0.045,0.0005,120,2
0.045,0.0005,120,2
0.045,0.0005,120,2
0.045,0.001,30,2
0.045,0.001,30,2
0.045,0.001,30,2
0.045,0.001,60,2
0.045,0.001,60,2
0.045,0.001,60,2
0.045,0.001,90,2
0.045,0.001,90,2
0.045,0.001,90,2
0.045,0.001,120,2
0.045,0.001,120,2
0.045,0.001,120,2
0.05,0.0002,30,2
0.05,0.0002,30,2
0.05,0.0002,30,2
0.05,0.0002,60,2
0.05,0.0002,60,2
0.05,0.0002,60,2
0.05,0.0002,90,2
0.05,0.0002,90,2
0.05,0.0002,90,2
0.05,0.0002,120,2
0.05,0.0002,120,2
0.05,0.0002,120,2
0.05,0.0005,30,0
0.05,0.0005,30,0
0.05,0.0005,30,0
0.05,0.0005,60,0
0.05,0.0005,60,0
0.05,0.0005,60,0
0.05,0.0005,90,2
0.05,0.0005,90,2
0.05,0.0005,90,2
0.05,0.0005,120,2
0.05,0.0005,120,2
0.05,0.0005,120,2
0.05,0.001,30,1
0.05,0.001,30,1
0.05,0.001,30,1
0.05,0.001,60,2
0.05,0.001,60,2
0.05,0.001,60,2
0.05,0.001,90,2
0.05,0.001,90,2
0.05,0.001,90,2
0.05,0.001,120,2
0.05,0.001,120,2
0.05,0.001,120,2
